{
 "cells": [
  {
   "cell_type": "code",
   "execution_count": null,
   "id": "493fd12a",
   "metadata": {},
   "outputs": [],
   "source": [
    "#Caleb Sweatt\n",
    "#Student ID: W1475087\n",
    "#CSCI 185 Data Mining"
   ]
  },
  {
   "cell_type": "code",
   "execution_count": 37,
   "id": "58420256",
   "metadata": {},
   "outputs": [
    {
     "name": "stdout",
     "output_type": "stream",
     "text": [
      "correlation coefficient:             Unnamed: 0      CRIM        ZN     INDUS      CHAS       NOX  \\\n",
      "Unnamed: 0    1.000000  0.407407 -0.103393  0.399439 -0.003759  0.398736   \n",
      "CRIM          0.407407  1.000000 -0.200469  0.406583 -0.055892  0.420972   \n",
      "ZN           -0.103393 -0.200469  1.000000 -0.533828 -0.042697 -0.516604   \n",
      "INDUS         0.399439  0.406583 -0.533828  1.000000  0.062938  0.763651   \n",
      "CHAS         -0.003759 -0.055892 -0.042697  0.062938  1.000000  0.091203   \n",
      "NOX           0.398736  0.420972 -0.516604  0.763651  0.091203  1.000000   \n",
      "RM           -0.079971 -0.219247  0.311991 -0.391676  0.091251 -0.302188   \n",
      "AGE           0.203784  0.352734 -0.569537  0.644779  0.086518  0.731470   \n",
      "DIS          -0.302211 -0.379670  0.664408 -0.708027 -0.099176 -0.769230   \n",
      "RAD           0.686002  0.625505 -0.311948  0.595129 -0.007368  0.611441   \n",
      "TAX           0.666626  0.582764 -0.314563  0.720760 -0.035587  0.668023   \n",
      "PTRATIO       0.291074  0.289946 -0.391679  0.383248 -0.121515  0.188933   \n",
      "B            -0.295041 -0.385064  0.175520 -0.356977  0.048788 -0.380051   \n",
      "LSTAT         0.258465  0.455621 -0.412995  0.603800 -0.053929  0.590879   \n",
      "Price        -0.226604 -0.388305  0.360445 -0.483725  0.175260 -0.427321   \n",
      "\n",
      "                  RM       AGE       DIS       RAD       TAX   PTRATIO  \\\n",
      "Unnamed: 0 -0.079971  0.203784 -0.302211  0.686002  0.666626  0.291074   \n",
      "CRIM       -0.219247  0.352734 -0.379670  0.625505  0.582764  0.289946   \n",
      "ZN          0.311991 -0.569537  0.664408 -0.311948 -0.314563 -0.391679   \n",
      "INDUS      -0.391676  0.644779 -0.708027  0.595129  0.720760  0.383248   \n",
      "CHAS        0.091251  0.086518 -0.099176 -0.007368 -0.035587 -0.121515   \n",
      "NOX        -0.302188  0.731470 -0.769230  0.611441  0.668023  0.188933   \n",
      "RM          1.000000 -0.240265  0.205246 -0.209847 -0.292048 -0.355501   \n",
      "AGE        -0.240265  1.000000 -0.747881  0.456022  0.506456  0.261515   \n",
      "DIS         0.205246 -0.747881  1.000000 -0.494588 -0.534432 -0.232471   \n",
      "RAD        -0.209847  0.456022 -0.494588  1.000000  0.910228  0.464741   \n",
      "TAX        -0.292048  0.506456 -0.534432  0.910228  1.000000  0.460853   \n",
      "PTRATIO    -0.355501  0.261515 -0.232471  0.464741  0.460853  1.000000   \n",
      "B           0.128069 -0.273534  0.291512 -0.444413 -0.441808 -0.177383   \n",
      "LSTAT      -0.613808  0.602339 -0.496996  0.488676  0.543993  0.374044   \n",
      "Price       0.695360 -0.376955  0.249929 -0.381626 -0.468536 -0.507787   \n",
      "\n",
      "                   B     LSTAT     Price  \n",
      "Unnamed: 0 -0.295041  0.258465 -0.226604  \n",
      "CRIM       -0.385064  0.455621 -0.388305  \n",
      "ZN          0.175520 -0.412995  0.360445  \n",
      "INDUS      -0.356977  0.603800 -0.483725  \n",
      "CHAS        0.048788 -0.053929  0.175260  \n",
      "NOX        -0.380051  0.590879 -0.427321  \n",
      "RM          0.128069 -0.613808  0.695360  \n",
      "AGE        -0.273534  0.602339 -0.376955  \n",
      "DIS         0.291512 -0.496996  0.249929  \n",
      "RAD        -0.444413  0.488676 -0.381626  \n",
      "TAX        -0.441808  0.543993 -0.468536  \n",
      "PTRATIO    -0.177383  0.374044 -0.507787  \n",
      "B           1.000000 -0.366087  0.333461  \n",
      "LSTAT      -0.366087  1.000000 -0.737663  \n",
      "Price       0.333461 -0.737663  1.000000  \n",
      "covariance normalized by n-1:               Unnamed: 0        CRIM           ZN       INDUS      CHAS  \\\n",
      "Unnamed: 0  21378.500000  512.381872  -352.578218  400.668663 -0.139604   \n",
      "CRIM          512.381872   73.986578   -40.215956   23.992339 -0.122109   \n",
      "ZN           -352.578218  -40.215956   543.936814  -85.412648 -0.252925   \n",
      "INDUS         400.668663   23.992339   -85.412648   47.064442  0.109669   \n",
      "CHAS           -0.139604   -0.122109    -0.252925    0.109669  0.064513   \n",
      "NOX             6.755757    0.419594    -1.396148    0.607074  0.002684   \n",
      "RM             -8.215627   -1.325038     5.112513   -1.887957  0.016285   \n",
      "AGE           838.722871   85.405322  -373.901548  124.513903  0.618571   \n",
      "DIS           -93.045936   -6.876722    32.629304  -10.228097 -0.053043   \n",
      "RAD           873.364356   46.847761   -63.348695   35.549971 -0.016296   \n",
      "TAX         16427.306931  844.821538 -1236.453735  833.360290 -1.523367   \n",
      "PTRATIO        92.138119    5.399331   -19.776571    5.692104 -0.066819   \n",
      "B           -3938.380535 -302.381816   373.721402 -223.579756  1.131325   \n",
      "LSTAT         269.868842   27.986168   -68.783037   29.580270 -0.097816   \n",
      "Price        -304.723960  -30.718508    77.315176  -30.520823  0.409409   \n",
      "\n",
      "                  NOX         RM          AGE         DIS          RAD  \\\n",
      "Unnamed: 0   6.755757  -8.215627   838.722871  -93.045936   873.364356   \n",
      "CRIM         0.419594  -1.325038    85.405322   -6.876722    46.847761   \n",
      "ZN          -1.396148   5.112513  -373.901548   32.629304   -63.348695   \n",
      "INDUS        0.607074  -1.887957   124.513903  -10.228097    35.549971   \n",
      "CHAS         0.002684   0.016285     0.618571   -0.053043    -0.016296   \n",
      "NOX          0.013428  -0.024603     2.385927   -0.187696     0.616929   \n",
      "RM          -0.024603   0.493671    -4.751929    0.303663    -1.283815   \n",
      "AGE          2.385927  -4.751929   792.358399  -44.329379   111.770846   \n",
      "DIS         -0.187696   0.303663   -44.329379    4.434015    -9.068252   \n",
      "RAD          0.616929  -1.283815   111.770846   -9.068252    75.816366   \n",
      "TAX         13.046286 -34.583448  2402.690122 -189.664592  1335.756577   \n",
      "PTRATIO      0.047397  -0.540763    15.936921   -1.059775     8.760716   \n",
      "B           -4.020570   8.215006  -702.940328   56.040356  -353.276219   \n",
      "LSTAT        0.488946  -3.079741   121.077725   -7.473329    30.385442   \n",
      "Price       -0.455412   4.493446   -97.589017    4.840229   -30.561228   \n",
      "\n",
      "                     TAX     PTRATIO            B       LSTAT       Price  \n",
      "Unnamed: 0  16427.306931   92.138119 -3938.380535  269.868842 -304.723960  \n",
      "CRIM          844.821538    5.399331  -302.381816   27.986168  -30.718508  \n",
      "ZN          -1236.453735  -19.776571   373.721402  -68.783037   77.315176  \n",
      "INDUS         833.360290    5.692104  -223.579756   29.580270  -30.520823  \n",
      "CHAS           -1.523367   -0.066819     1.131325   -0.097816    0.409409  \n",
      "NOX            13.046286    0.047397    -4.020570    0.488946   -0.455412  \n",
      "RM            -34.583448   -0.540763     8.215006   -3.079741    4.493446  \n",
      "AGE          2402.690122   15.936921  -702.940328  121.077725  -97.589017  \n",
      "DIS          -189.664592   -1.059775    56.040356   -7.473329    4.840229  \n",
      "RAD          1335.756577    8.760716  -353.276219   30.385442  -30.561228  \n",
      "TAX         28404.759488  168.153141 -6797.911215  654.714520 -726.255716  \n",
      "PTRATIO       168.153141    4.686989   -35.059527    5.782729  -10.110657  \n",
      "B           -6797.911215  -35.059527  8334.752263 -238.667516  279.989834  \n",
      "LSTAT         654.714520    5.782729  -238.667516   50.994760  -48.447538  \n",
      "Price        -726.255716  -10.110657   279.989834  -48.447538   84.586724  \n",
      "covariance normalized by n:               Unnamed: 0        CRIM          ZN       INDUS      CHAS  \\\n",
      "Unnamed: 0  17102.800000  409.905497 -282.062574  320.534931 -0.111683   \n",
      "CRIM          409.905497   59.189263  -32.172765   19.193871 -0.097687   \n",
      "ZN           -282.062574  -32.172765  435.149451  -68.330118 -0.202340   \n",
      "INDUS         320.534931   19.193871  -68.330118   37.651554  0.087735   \n",
      "CHAS           -0.111683   -0.097687   -0.202340    0.087735  0.051610   \n",
      "NOX             5.404606    0.335675   -1.116919    0.485659  0.002147   \n",
      "RM             -6.572501   -1.060030    4.090011   -1.510365  0.013028   \n",
      "AGE           670.978297   68.324258 -299.121239   99.611123  0.494857   \n",
      "DIS           -74.436749   -5.501377   26.103443   -8.182478 -0.042434   \n",
      "RAD           698.691485   37.478209  -50.678956   28.439977 -0.013036   \n",
      "TAX         13141.845545  675.857230 -989.162988  666.688232 -1.218694   \n",
      "PTRATIO        73.710495    4.319465  -15.821257    4.553683 -0.053455   \n",
      "B           -3150.704428 -241.905453  298.977122 -178.863804  0.905060   \n",
      "LSTAT         215.895073   22.388934  -55.026430   23.664216 -0.078253   \n",
      "Price        -243.779168  -24.574806   61.852140  -24.416658  0.327528   \n",
      "\n",
      "                  NOX         RM          AGE         DIS          RAD  \\\n",
      "Unnamed: 0   5.404606  -6.572501   670.978297  -74.436749   698.691485   \n",
      "CRIM         0.335675  -1.060030    68.324258   -5.501377    37.478209   \n",
      "ZN          -1.116919   4.090011  -299.121239   26.103443   -50.678956   \n",
      "INDUS        0.485659  -1.510365    99.611123   -8.182478    28.439977   \n",
      "CHAS         0.002147   0.013028     0.494857   -0.042434    -0.013036   \n",
      "NOX          0.010742  -0.019683     1.908742   -0.150157     0.493544   \n",
      "RM          -0.019683   0.394937    -3.801543    0.242931    -1.027052   \n",
      "AGE          1.908742  -3.801543   633.886719  -35.463504    89.416677   \n",
      "DIS         -0.150157   0.242931   -35.463504    3.547212    -7.254602   \n",
      "RAD          0.493544  -1.027052    89.416677   -7.254602    60.653093   \n",
      "TAX         10.437028 -27.666758  1922.152098 -151.731673  1068.605261   \n",
      "PTRATIO      0.037918  -0.432611    12.749537   -0.847820     7.008573   \n",
      "B           -3.216456   6.572005  -562.352263   44.832285  -282.620976   \n",
      "LSTAT        0.391157  -2.463793    96.862180   -5.978663    24.308354   \n",
      "Price       -0.364330   3.594757   -78.071213    3.872183   -24.448982   \n",
      "\n",
      "                     TAX     PTRATIO            B       LSTAT       Price  \n",
      "Unnamed: 0  13141.845545   73.710495 -3150.704428  215.895073 -243.779168  \n",
      "CRIM          675.857230    4.319465  -241.905453   22.388934  -24.574806  \n",
      "ZN           -989.162988  -15.821257   298.977122  -55.026430   61.852140  \n",
      "INDUS         666.688232    4.553683  -178.863804   23.664216  -24.416658  \n",
      "CHAS           -1.218694   -0.053455     0.905060   -0.078253    0.327528  \n",
      "NOX            10.437028    0.037918    -3.216456    0.391157   -0.364330  \n",
      "RM            -27.666758   -0.432611     6.572005   -2.463793    3.594757  \n",
      "AGE          1922.152098   12.749537  -562.352263   96.862180  -78.071213  \n",
      "DIS          -151.731673   -0.847820    44.832285   -5.978663    3.872183  \n",
      "RAD          1068.605261    7.008573  -282.620976   24.308354  -24.448982  \n",
      "TAX         22723.807590  134.522512 -5438.328972  523.771616 -581.004573  \n",
      "PTRATIO       134.522512    3.749591   -28.047622    4.626183   -8.088526  \n",
      "B           -5438.328972  -28.047622  6667.801810 -190.934012  223.991867  \n",
      "LSTAT         523.771616    4.626183  -190.934012   40.795808  -38.758031  \n",
      "Price        -581.004573   -8.088526   223.991867  -38.758031   67.669379  \n"
     ]
    }
   ],
   "source": [
    "import pandas as pd\n",
    "\n",
    "df = pd.read_csv('boston.csv')\n",
    "print(\"correlation coefficient:\", df.corr())\n",
    "print(\"covariance normalized by n-1:\", df.cov())     \n",
    "print(\"covariance normalized by n:\", df.cov()*4/5)  "
   ]
  },
  {
   "cell_type": "code",
   "execution_count": 1,
   "id": "cf81b13f",
   "metadata": {},
   "outputs": [
    {
     "name": "stdout",
     "output_type": "stream",
     "text": [
      "Original 1D Data:\n",
      "[[   8.3252       41.            6.98412698 ...    2.55555556\n",
      "    37.88       -122.23      ]\n",
      " [   8.3014       21.            6.23813708 ...    2.10984183\n",
      "    37.86       -122.22      ]\n",
      " [   7.2574       52.            8.28813559 ...    2.80225989\n",
      "    37.85       -122.24      ]\n",
      " ...\n",
      " [   1.7          17.            5.20554273 ...    2.3256351\n",
      "    39.43       -121.22      ]\n",
      " [   1.8672       18.            5.32951289 ...    2.12320917\n",
      "    39.43       -121.32      ]\n",
      " [   2.3886       16.            5.25471698 ...    2.61698113\n",
      "    39.37       -121.24      ]]\n",
      "[[0.01482142]\n",
      " [0.01847158]\n",
      " [0.0146716 ]\n",
      " ...\n",
      " [0.01418374]\n",
      " [0.01828949]\n",
      " [0.00034742]]\n",
      "\n",
      "Normalized 1D Data (default range 0 to 1):\n",
      "[0.01482142 0.01847158 0.0146716  ... 0.01418374 0.01828949 0.00034742]\n"
     ]
    }
   ],
   "source": [
    "#Question 2\n",
    "\n",
    "import numpy as np\n",
    "from sklearn.preprocessing import MinMaxScaler\n",
    "from sklearn.datasets import fetch_california_housing\n",
    "house = fetch_california_housing()\n",
    "\n",
    "house_2D = np.array(house.data).reshape(-1,1)\n",
    "custom = (0,4)\n",
    "scaler= MinMaxScaler(feature_range=custom)\n",
    "\n",
    "normalized = scaler.fit_transform(house_2D)\n",
    "normalized_1D = normalized.flatten()\n",
    "\n",
    "print(\"Original 1D Data:\")\n",
    "print(house.data)\n",
    "print(\"Normalized 2D \")\n",
    "print(normalized)\n",
    "print(\"\\nNormalized 1D Data (default range 0 to 1):\")\n",
    "print(normalized_1D)"
   ]
  },
  {
   "cell_type": "code",
   "execution_count": null,
   "id": "58f1efa4",
   "metadata": {},
   "outputs": [],
   "source": []
  }
 ],
 "metadata": {
  "kernelspec": {
   "display_name": "Python 3 (ipykernel)",
   "language": "python",
   "name": "python3"
  },
  "language_info": {
   "codemirror_mode": {
    "name": "ipython",
    "version": 3
   },
   "file_extension": ".py",
   "mimetype": "text/x-python",
   "name": "python",
   "nbconvert_exporter": "python",
   "pygments_lexer": "ipython3",
   "version": "3.11.4"
  }
 },
 "nbformat": 4,
 "nbformat_minor": 5
}
